$ANSIBLE_VAULT;1.1;AES256
65636436356430643332666533383036376131323465353866663765663264396661306532306239
6666363638356463326138613263383734376132373337320a316538376366363333343434653962
62323230653636346638383031383965393935633864376463373965373665623663363461353837
3136393565313532330a336234653531326339353231343465633661303334653832316638386235
31376630623432326461323866656139393637393237326365303962656532613665343331333730
30633738383561663761316139333862653865643033386533313939316534333065343837333134
36303738653065653865343038333437326333613038343638393237376263636130316465616536
65326231313735623132373039383132643835393335353464663832363133346264326534633465
31666237376162326161383038343435636665303638323962666337376233653866376233653966
34326462353932626130303830313539613835653061623364323236343763666333643863323036
30326331346666333633376637623564666439336464373461373936376338653738653930386539
66663264636436636362393839366333396566346134623538356134373737636336663432323235
30303161663862346131303564366232623733633661386366663164366639656230
