$ANSIBLE_VAULT;1.1;AES256
62396530663236636336643432343465633564363439303030666433623934393338303032323463
3836393031646436343632383033373334393338383432350a303331633966306232636461613039
63636533643533373761363832326232383331313538643065383862333563303463633961326534
3031633839306132640a313636313736303564646463663634666632653038623836336631646634
32623438353033643231363037363438613739323634666666346436636364656130353537353635
64313063303261353463663461356166333362616339393330366334326238363039373036393632
65343465663664633865316665653866343338613161313163333830346638646439623139353135
31343338663763336264396635643034373862353637623566653135303637633832636633363433
38356438336232326532393630393833353461333934356162613936393364383232396661663961
39333738666461326362626663343033623832656465636236353363316161633131386234346238
326334333237333837653361336331346162
