$ANSIBLE_VAULT;1.1;AES256
37616439343939643463386533636536323933343663333631303138376139333665616332663765
3632346331643432653637343132613964333564363638620a363033643861343735613438623034
36356633633735396430633934633737306436363961353063643064656333393639313466383336
6664323065663964640a633134376465383037663533326539306337653866366666393366666162
33616536613664356466653537393832663536343530653333383466613362323039396436363235
34353766373533316565336634333037306264323563373034373237363862323766623364383233
38316134303963336334313661656435623831323133396166356465656563666332343533643235
65316438326131386662353533343966393631613730323163356133323265303764653261633032
65336439616463653038316133333266636661333531663866333163326661383730376436356232
62316535646266333234653532323337396366623165303265326165323738626233336133636264
37346162363132366136323231356566613739663930353230616130646438393434666632323832
62323262356136643635303166363761313063663134666661396338663763626530613231393337
3435
